# target index = 0: [ntargets = 3]
[[1 1 0 1 0 0]
 [1 0 1 0 1 0]
 [0 1 1 0 0 1]]

# target index = 1: [ntargets = 3]
[[1 1 1 1 0 0]
 [1 1 0 0 1 0]
 [1 0 1 0 0 1]]

# target index = 2: [ntargets = 3]
[[1 1 1 0 1 0]
 [1 1 0 1 0 1]
 [1 0 1 1 0 0]]

# target index = 3: [ntargets = 4]
[[1 1 1 0 0 0]
 [1 0 0 1 0 0]
 [0 1 0 0 1 0]
 [0 0 0 0 0 1]]

# target index = 4: [ntargets = 4]
[[1 1 1 0 0 0]
 [1 1 0 1 0 0]
 [1 0 0 0 1 0]
 [0 0 0 0 0 1]]

# target index = 5: [ntargets = 4]
[[1 1 0 1 0 0]
 [1 0 1 0 1 0]
 [0 1 1 0 0 0]
 [0 0 0 0 0 1]]

# target index = 6: [ntargets = 4]
[[1 1 1 0 0 0]
 [1 1 0 1 0 0]
 [1 0 1 0 1 0]
 [0 0 0 0 0 1]]

# target index = 7: [ntargets = 4]
[[1 0 1 0 0 0]
 [1 0 0 1 0 0]
 [0 1 0 0 1 0]
 [0 1 0 0 0 1]]

# target index = 8: [ntargets = 4]
[[1 1 1 0 0 0]
 [0 1 0 1 0 0]
 [1 0 0 0 1 0]
 [1 0 0 0 0 1]]

# target index = 9: [ntargets = 4]
[[1 1 0 1 0 0]
 [1 0 1 0 0 0]
 [0 1 0 0 1 0]
 [0 0 1 0 0 1]]

# target index = 10: [ntargets = 4]
[[1 1 1 0 0 0]
 [1 1 0 1 0 0]
 [1 0 0 0 1 0]
 [1 0 0 0 0 1]]

# target index = 11: [ntargets = 4]
[[0 1 1 1 0 0]
 [1 1 0 0 1 0]
 [1 0 1 0 0 0]
 [1 0 0 0 0 1]]

# target index = 12: [ntargets = 4]
[[1 1 0 1 0 0]
 [1 1 0 0 1 0]
 [1 0 1 0 0 0]
 [0 0 1 0 0 1]]

# target index = 13: [ntargets = 4]
[[1 1 0 0 1 0]
 [1 0 1 0 0 1]
 [0 1 0 1 0 0]
 [0 0 1 1 0 0]]

# target index = 14: [ntargets = 4]
[[1 1 1 0 0 0]
 [1 1 0 1 0 0]
 [1 0 0 0 1 0]
 [0 1 0 0 0 1]]

# target index = 15: [ntargets = 4]
[[1 1 0 1 0 0]
 [1 0 1 0 1 0]
 [0 1 1 0 0 0]
 [1 0 0 0 0 1]]

# target index = 16: [ntargets = 4]
[[1 0 1 0 1 0]
 [0 1 0 1 0 1]
 [1 1 0 0 0 0]
 [0 0 1 1 0 0]]

# target index = 17: [ntargets = 4]
[[1 1 1 0 0 0]
 [1 0 0 1 0 0]
 [0 1 0 0 1 0]
 [0 0 1 0 0 1]]

# target index = 18: [ntargets = 4]
[[1 1 1 0 0 0]
 [1 1 0 1 0 0]
 [0 0 1 0 1 0]
 [1 0 0 0 0 1]]

# target index = 19: [ntargets = 4]
[[1 1 0 1 0 0]
 [1 0 1 0 1 0]
 [0 1 1 0 0 0]
 [0 0 0 1 0 1]]

# target index = 20: [ntargets = 4]
[[1 1 0 1 0 1]
 [1 0 1 0 1 0]
 [0 1 1 0 0 0]
 [0 0 0 1 1 0]]

# target index = 21: [ntargets = 4]
[[1 1 1 0 0 0]
 [1 1 0 1 0 0]
 [1 1 0 0 1 0]
 [1 0 0 0 0 1]]

# target index = 22: [ntargets = 4]
[[1 0 1 1 0 0]
 [1 1 0 0 1 0]
 [1 1 0 0 0 1]
 [0 1 1 0 0 0]]

# target index = 23: [ntargets = 4]
[[1 1 1 0 0 0]
 [1 1 0 1 0 0]
 [1 0 1 0 1 0]
 [1 0 0 0 0 1]]

# target index = 24: [ntargets = 4]
[[1 1 1 0 0 0]
 [0 1 0 1 1 0]
 [1 0 1 0 0 1]
 [1 0 0 1 0 0]]

# target index = 25: [ntargets = 4]
[[1 1 1 0 0 0]
 [1 0 1 1 0 0]
 [1 1 0 0 1 0]
 [0 1 0 0 0 1]]

# target index = 26: [ntargets = 4]
[[0 1 1 1 0 0]
 [1 1 0 0 1 0]
 [1 0 1 0 0 1]
 [1 0 0 1 0 0]]

# target index = 27: [ntargets = 4]
[[1 1 1 0 0 0]
 [1 1 0 0 1 0]
 [1 0 0 1 0 1]
 [0 0 1 1 0 0]]

# target index = 28: [ntargets = 4]
[[1 1 0 1 0 0]
 [1 0 1 0 1 0]
 [0 1 1 0 0 1]
 [0 0 0 1 1 0]]

# target index = 29: [ntargets = 4]
[[1 1 1 0 0 1]
 [1 1 0 1 0 0]
 [1 0 1 0 1 0]
 [0 0 0 1 1 0]]

# target index = 30: [ntargets = 4]
[[1 1 1 0 0 0]
 [1 1 0 1 0 0]
 [1 0 1 0 1 0]
 [0 0 0 1 0 1]]

# target index = 31: [ntargets = 4]
[[1 1 0 1 0 1]
 [1 1 1 0 0 0]
 [1 0 1 0 1 0]
 [0 0 0 1 1 0]]

# target index = 32: [ntargets = 4]
[[1 1 1 0 0 0]
 [1 0 1 1 0 0]
 [1 1 0 0 1 0]
 [1 1 0 0 0 1]]

# target index = 33: [ntargets = 4]
[[1 1 1 0 0 0]
 [1 1 0 1 0 0]
 [1 0 1 0 1 0]
 [0 1 1 0 0 1]]

# target index = 34: [ntargets = 4]
[[1 1 1 0 0 0]
 [1 1 0 1 0 0]
 [1 0 1 0 1 0]
 [1 0 0 1 0 1]]

# target index = 35: [ntargets = 4]
[[1 1 1 0 0 0]
 [1 1 0 1 0 0]
 [1 0 1 0 1 0]
 [0 1 0 1 0 1]]

# target index = 36: [ntargets = 4]
[[1 1 1 0 0 0]
 [1 1 0 1 0 0]
 [1 0 1 0 1 0]
 [0 0 0 1 1 1]]

# target index = 37: [ntargets = 4]
[[1 1 1 0 0 1]
 [1 1 0 1 0 0]
 [1 0 1 0 1 0]
 [1 0 0 1 1 0]]

# target index = 38: [ntargets = 4]
[[1 1 0 1 0 0]
 [1 0 1 0 1 0]
 [0 1 1 0 0 1]
 [0 0 0 1 1 1]]

# target index = 39: [ntargets = 6]
[[1 0 0 0 0 0]
 [0 1 0 0 0 0]
 [0 0 1 0 0 0]
 [0 0 0 1 0 0]
 [0 0 0 0 1 0]
 [0 0 0 0 0 1]]

# target index = 40: [ntargets = 5]
[[1 1 0 0 0 0]
 [1 0 1 0 0 0]
 [0 0 0 1 0 0]
 [0 0 0 0 1 0]
 [0 0 0 0 0 1]]

# target index = 41: [ntargets = 5]
[[1 1 0 0 0 0]
 [1 0 1 0 0 0]
 [1 0 0 1 0 0]
 [0 0 0 0 1 0]
 [0 0 0 0 0 1]]

# target index = 42: [ntargets = 5]
[[1 1 0 0 0 0]
 [1 0 1 0 0 0]
 [1 0 0 1 0 0]
 [1 0 0 0 1 0]
 [0 0 0 0 0 1]]

# target index = 43: [ntargets = 5]
[[1 1 0 0 0 0]
 [1 0 1 0 0 0]
 [1 0 0 1 0 0]
 [1 0 0 0 1 0]
 [1 0 0 0 0 1]]

# target index = 44: [ntargets = 5]
[[1 1 0 0 0 0]
 [1 0 1 0 0 0]
 [0 1 0 1 0 0]
 [0 0 0 0 1 0]
 [0 0 0 0 0 1]]

# target index = 45: [ntargets = 5]
[[1 1 0 0 0 0]
 [0 1 1 0 0 0]
 [1 0 0 1 0 0]
 [1 0 0 0 1 0]
 [0 0 0 0 0 1]]

# target index = 46: [ntargets = 5]
[[1 1 0 0 0 0]
 [0 1 1 0 0 0]
 [1 0 0 1 0 0]
 [1 0 0 0 1 0]
 [1 0 0 0 0 1]]

# target index = 47: [ntargets = 5]
[[1 1 0 0 0 0]
 [1 0 1 0 0 0]
 [1 0 0 1 0 0]
 [0 1 0 0 1 0]
 [0 1 0 0 0 1]]

# target index = 48: [ntargets = 5]
[[1 1 0 0 0 0]
 [0 1 1 0 0 0]
 [0 0 1 1 0 0]
 [1 0 0 0 1 0]
 [1 0 0 0 0 1]]

# target index = 49: [ntargets = 6]
[[1 1 0 0 0 0]
 [1 0 1 0 0 0]
 [0 1 0 1 0 0]
 [0 0 1 1 0 0]
 [0 0 0 0 1 0]
 [0 0 0 0 0 1]]

# target index = 50: [ntargets = 6]
[[1 1 0 0 0 0]
 [0 1 1 0 0 0]
 [1 0 0 1 0 0]
 [0 0 1 1 0 0]
 [1 0 0 0 1 0]
 [0 0 0 0 0 1]]

# target index = 51: [ntargets = 6]
[[1 1 0 0 0 0]
 [0 1 1 0 0 0]
 [1 0 0 1 0 0]
 [0 0 1 1 0 0]
 [1 0 0 0 1 0]
 [1 0 0 0 0 1]]

# target index = 52: [ntargets = 6]
[[1 0 1 0 0 0]
 [0 1 1 0 0 0]
 [1 0 0 1 0 0]
 [0 1 0 1 0 0]
 [1 0 0 0 1 0]
 [0 1 0 0 0 1]]

# target index = 53: [ntargets = 7]
[[1 0 1 0 0 0]
 [0 1 1 0 0 0]
 [1 0 0 1 0 0]
 [0 1 0 1 0 0]
 [1 0 0 0 1 0]
 [0 1 0 0 1 0]
 [0 0 0 0 0 1]]

# target index = 54: [ntargets = 7]
[[1 0 1 0 0 0]
 [0 1 1 0 0 0]
 [1 0 0 1 0 0]
 [0 1 0 1 0 0]
 [1 0 0 0 1 0]
 [0 1 0 0 1 0]
 [1 0 0 0 0 1]]

# target index = 55: [ntargets = 8]
[[1 0 1 0 0 0]
 [0 1 1 0 0 0]
 [1 0 0 1 0 0]
 [0 1 0 1 0 0]
 [1 0 0 0 1 0]
 [0 1 0 0 1 0]
 [1 0 0 0 0 1]
 [0 1 0 0 0 1]]

# target index = 56: [ntargets = 5]
[[1 1 0 0 0 0]
 [1 0 1 0 0 0]
 [0 1 0 1 0 0]
 [0 0 1 0 1 0]
 [0 0 0 0 0 1]]

# target index = 57: [ntargets = 5]
[[1 1 0 0 0 0]
 [1 0 1 0 0 0]
 [0 1 0 1 0 0]
 [0 0 1 0 1 0]
 [1 0 0 0 0 1]]

# target index = 58: [ntargets = 5]
[[1 1 0 0 0 0]
 [1 0 1 0 0 0]
 [0 1 0 1 0 0]
 [0 0 1 0 1 0]
 [0 0 0 1 0 1]]

# target index = 59: [ntargets = 6]
[[1 1 0 0 0 0]
 [0 1 1 0 0 0]
 [1 0 0 1 0 0]
 [0 0 1 1 0 0]
 [1 0 0 0 1 0]
 [0 0 0 0 1 1]]

# target index = 60: [ntargets = 6]
[[1 1 0 0 0 0]
 [1 0 1 0 0 0]
 [0 1 0 1 0 0]
 [0 0 1 0 1 0]
 [0 0 0 1 1 0]
 [0 0 0 0 0 1]]

# target index = 61: [ntargets = 6]
[[1 1 0 0 0 0]
 [0 1 1 0 0 0]
 [0 0 1 1 0 0]
 [1 0 0 0 1 0]
 [0 0 0 1 1 0]
 [1 0 0 0 0 1]]

# target index = 62: [ntargets = 5]
[[1 0 1 0 1 0]
 [1 1 0 0 0 0]
 [0 1 0 1 0 0]
 [0 0 1 1 0 0]
 [0 0 0 0 0 1]]

# target index = 63: [ntargets = 6]
[[1 1 0 0 0 0]
 [1 0 1 0 0 0]
 [0 1 0 1 0 0]
 [0 0 1 1 0 0]
 [1 0 0 0 1 0]
 [0 1 0 0 0 1]]

# target index = 64: [ntargets = 5]
[[1 1 0 0 1 0]
 [0 1 1 0 0 0]
 [1 0 0 1 0 0]
 [0 0 1 1 0 0]
 [1 0 0 0 0 1]]

# target index = 65: [ntargets = 7]
[[1 0 1 0 0 0]
 [0 1 1 0 0 0]
 [1 0 0 1 0 0]
 [0 1 0 1 0 0]
 [1 0 0 0 1 0]
 [0 1 0 0 0 1]
 [0 0 0 0 1 1]]

# target index = 66: [ntargets = 5]
[[1 1 0 0 1 0]
 [1 1 0 0 0 1]
 [1 0 1 0 0 0]
 [0 1 0 1 0 0]
 [0 0 1 1 0 0]]

# target index = 67: [ntargets = 6]
[[0 1 1 0 0 1]
 [1 0 1 0 0 0]
 [1 0 0 1 0 0]
 [0 1 0 1 0 0]
 [1 0 0 0 1 0]
 [0 1 0 0 1 0]]

# target index = 68: [ntargets = 5]
[[0 1 0 1 1 0]
 [1 0 1 0 0 0]
 [0 1 1 0 0 0]
 [1 0 0 1 0 0]
 [1 0 0 0 0 1]]

# target index = 69: [ntargets = 6]
[[1 1 0 0 0 0]
 [1 0 1 0 0 0]
 [0 1 0 1 0 0]
 [0 0 1 0 1 0]
 [0 0 0 1 0 1]
 [0 0 0 0 1 1]]

# target index = 70: [ntargets = 5]
[[1 0 0 1 0 1]
 [1 1 0 0 0 0]
 [0 1 1 0 0 0]
 [0 0 1 0 1 0]
 [0 0 0 1 1 0]]

# target index = 71: [ntargets = 5]
[[1 0 1 0 1 0]
 [1 1 0 0 0 0]
 [0 1 0 1 0 0]
 [0 0 1 1 0 0]
 [0 0 0 0 1 1]]

# target index = 72: [ntargets = 7]
[[1 1 0 0 0 0]
 [1 0 1 0 0 0]
 [0 1 0 1 0 0]
 [0 0 1 1 0 0]
 [1 0 0 0 1 0]
 [0 1 0 0 0 1]
 [0 0 0 0 1 1]]

# target index = 73: [ntargets = 5]
[[1 1 1 0 0 0]
 [1 1 0 0 0 1]
 [0 0 1 1 0 0]
 [1 0 0 0 1 0]
 [0 0 0 1 1 0]]

# target index = 74: [ntargets = 5]
[[1 1 1 0 0 0]
 [1 0 1 1 0 0]
 [1 1 0 0 0 1]
 [0 1 0 0 1 0]
 [0 0 0 1 1 0]]

# target index = 75: [ntargets = 5]
[[1 1 1 0 0 0]
 [1 1 0 1 0 0]
 [1 0 1 0 1 0]
 [1 0 0 1 1 0]
 [0 0 0 0 0 1]]

# target index = 76: [ntargets = 7]
[[1 0 1 0 0 0]
 [0 1 1 0 0 0]
 [1 0 0 1 0 0]
 [0 1 0 1 0 0]
 [1 0 0 0 1 0]
 [0 1 0 0 1 0]
 [0 0 1 0 0 1]]

# target index = 77: [ntargets = 5]
[[1 1 1 0 0 0]
 [1 1 0 1 0 0]
 [0 0 1 0 1 0]
 [0 0 0 1 1 0]
 [1 0 0 0 0 1]]

# target index = 78: [ntargets = 5]
[[1 1 1 0 0 0]
 [1 1 0 1 0 0]
 [1 0 1 0 1 0]
 [1 0 0 1 1 0]
 [1 0 0 0 0 1]]

# target index = 79: [ntargets = 5]
[[1 1 1 0 0 0]
 [1 0 1 1 0 0]
 [1 1 0 0 1 0]
 [1 0 0 1 1 0]
 [0 1 0 0 0 1]]

# target index = 80: [ntargets = 8]
[[1 0 1 0 0 0]
 [0 1 1 0 0 0]
 [1 0 0 1 0 0]
 [0 1 0 1 0 0]
 [1 0 0 0 1 0]
 [0 1 0 0 1 0]
 [0 0 1 0 0 1]
 [0 0 0 1 0 1]]

# target index = 81: [ntargets = 6]
[[0 1 1 1 0 0]
 [0 1 1 0 1 0]
 [1 0 0 1 0 0]
 [1 0 0 0 1 0]
 [1 0 0 0 0 1]
 [0 1 0 0 0 1]]

# target index = 82: [ntargets = 5]
[[1 1 1 0 0 0]
 [1 0 1 1 0 0]
 [1 1 0 0 1 0]
 [1 0 0 1 1 0]
 [1 1 0 0 0 1]]

# target index = 83: [ntargets = 6]
[[1 1 0 1 0 0]
 [1 0 1 1 0 0]
 [1 1 0 0 1 0]
 [1 0 1 0 1 0]
 [0 1 0 0 0 1]
 [0 0 1 0 0 1]]

# target index = 84: [ntargets = 9]
[[1 0 1 0 0 0]
 [0 1 1 0 0 0]
 [1 0 0 1 0 0]
 [0 1 0 1 0 0]
 [1 0 0 0 1 0]
 [0 1 0 0 1 0]
 [0 0 1 0 0 1]
 [0 0 0 1 0 1]
 [0 0 0 0 1 1]]

# target index = 85: [ntargets = 6]
[[1 1 0 1 0 0]
 [1 0 1 1 0 0]
 [1 1 0 0 1 0]
 [1 0 1 0 1 0]
 [1 1 0 0 0 1]
 [1 0 1 0 0 1]]

# target index = 86: [ntargets = 6]
[[0 1 0 1 1 0]
 [1 0 1 0 0 0]
 [0 1 1 0 0 0]
 [1 0 0 1 0 0]
 [1 0 0 0 0 1]
 [0 0 0 0 1 1]]

# target index = 87: [ntargets = 5]
[[1 1 1 0 0 0]
 [1 1 0 1 0 0]
 [1 0 1 0 1 0]
 [0 0 0 1 0 1]
 [0 0 0 0 1 1]]

# target index = 88: [ntargets = 5]
[[1 1 1 0 0 0]
 [1 1 0 1 0 0]
 [1 0 1 0 1 0]
 [1 0 0 1 0 1]
 [1 0 0 0 1 1]]

# target index = 89: [ntargets = 5]
[[1 1 1 0 0 0]
 [1 1 0 1 0 0]
 [1 0 1 0 1 0]
 [1 0 0 1 1 0]
 [0 1 1 0 0 1]]

# target index = 90: [ntargets = 5]
[[1 1 1 0 0 0]
 [1 1 0 1 0 0]
 [1 0 1 0 1 0]
 [0 1 0 1 0 1]
 [0 0 0 0 1 1]]

# target index = 91: [ntargets = 6]
[[1 1 1 0 0 0]
 [1 1 0 1 0 0]
 [1 0 1 0 1 0]
 [1 0 0 1 1 0]
 [0 1 1 0 0 1]
 [0 1 0 1 0 1]]

# target index = 92: [ntargets = 5]
[[1 1 1 0 0 0]
 [1 1 0 1 0 0]
 [1 0 1 0 1 0]
 [0 1 0 1 0 1]
 [0 0 1 0 1 1]]

# target index = 93: [ntargets = 8]
[[1 1 1 0 0 0]
 [1 1 0 1 0 0]
 [1 0 1 0 1 0]
 [1 0 0 1 1 0]
 [0 1 1 0 0 1]
 [0 1 0 1 0 1]
 [0 0 1 0 1 1]
 [0 0 0 1 1 1]]

# target index = 94: [ntargets = 7]
[[1 1 1 0 0 0]
 [1 1 0 1 0 0]
 [1 0 1 0 1 0]
 [1 0 0 1 1 0]
 [0 1 1 0 0 1]
 [0 1 0 1 0 1]
 [0 0 1 0 1 1]]

# target index = 95: [ntargets = 6]
[[1 1 1 0 0 0]
 [1 1 0 1 0 0]
 [1 0 1 0 1 0]
 [1 0 0 1 1 0]
 [0 1 1 0 0 1]
 [0 0 0 1 1 1]]

# target index = 96: [ntargets = 6]
[[1 1 1 0 0 0]
 [1 1 0 1 0 0]
 [1 0 1 0 1 0]
 [0 1 0 1 0 1]
 [0 0 1 0 1 1]
 [0 0 0 1 1 1]]

# target index = 97: [ntargets = 5]
[[1 1 1 0 0 0]
 [1 1 0 1 0 0]
 [1 0 1 0 1 0]
 [0 1 1 0 0 1]
 [0 0 0 1 1 1]]

# target index = 98: [ntargets = 5]
[[1 1 0 0 1 0]
 [1 0 1 0 0 1]
 [0 1 0 1 0 0]
 [0 0 1 1 0 0]
 [0 0 0 0 1 1]]

# target index = 99: [ntargets = 5]
[[1 1 1 0 0 0]
 [0 1 0 1 1 0]
 [1 0 1 0 0 1]
 [1 0 0 1 0 0]
 [0 0 0 0 1 1]]

# target index = 100: [ntargets = 5]
[[0 1 1 0 1 0]
 [1 1 0 0 0 1]
 [1 0 0 1 0 0]
 [0 0 1 1 0 0]
 [1 0 0 0 1 0]]

# target index = 101: [ntargets = 5]
[[1 1 1 0 0 0]
 [1 1 0 0 1 0]
 [1 0 0 1 0 1]
 [0 0 1 1 0 0]
 [0 0 0 0 1 1]]

# target index = 102: [ntargets = 5]
[[1 0 1 1 0 0]
 [1 0 1 0 1 0]
 [1 1 0 0 0 1]
 [0 1 0 1 0 0]
 [0 1 0 0 1 0]]

# target index = 103: [ntargets = 5]
[[1 1 1 0 0 0]
 [1 1 0 1 0 0]
 [1 0 1 0 1 0]
 [0 0 0 1 1 1]
 [0 1 0 0 0 1]]

# target index = 104: [ntargets = 5]
[[1 1 1 0 0 0]
 [1 1 0 1 0 0]
 [1 0 1 0 1 0]
 [1 0 0 1 0 1]
 [0 0 0 0 1 1]]

# target index = 105: [ntargets = 5]
[[1 1 1 0 0 0]
 [0 1 0 1 1 0]
 [0 0 1 1 0 1]
 [1 0 0 0 1 0]
 [1 0 0 0 0 1]]

# target index = 106: [ntargets = 5]
[[1 0 1 1 0 0]
 [1 0 1 0 1 0]
 [0 1 0 1 0 1]
 [0 1 0 0 1 1]
 [1 1 0 0 0 0]]
